11111111
222222211111111
222222211111111
222222211111111
222222211111111
222222211111111
222222211111111
222222211111111
222222211111111
222222211111111
222222211111111
222222211111111
222222211111111
222222211111111
222222211111111
222222211111111
222222211111111
222222211111111
222222211111111
222222211111111
222222211111111
222222211111111
222222211111111
222222211111111
222222211111111
222222211111111
222222211111111
222222211111111
222222211111111
222222211111111
222222211111111
222222211111111
222222211111111
222222211111111
222222211111111
222222211111111
222222211111111
222222211111111
222222211111111
222222211111111
222222211111111
222222211111111
222222211111111
222222211111111
222222211111111
222222211111111
222222211111111
222222211111111
222222211111111
222222211111111
222222211111111
222222211111111
222222211111111
222222211111111
222222211111111
222222211111111
222222211111111
222222211111111
222222211111111
222222211111111
222222211111111
222222211111111
222222211111111
222222211111111
222222211111111
222222211111111
222222211111111
222222211111111
222222211111111
222222211111111
222222211111111
222222211111111
222222211111111
222222211111111
222222211111111
222222211111111
222222211111111
222222211111111
222222211111111
222222211111111
222222211111111
222222211111111
222222211111111
222222211111111
222222211111111
222222211111111
222222211111111
222222211111111
222222211111111
222222211111111
222222211111111
222222211111111
222222211111111
222222211111111
222222211111111
222222211111111
222222211111111
222222211111111
222222211111111
222222211111111
222222211111111
222222211111111
222222211111111
222222211111111
222222211111111
222222211111111
222222211111111
222222211111111
222222211111111
222222211111111
222222211111111
2222222
